-6.079338863432712792e-01
-5.407902062521657838e-01
-8.502467427011994872e-01
7.857331337961265261e-01
-4.814244597913992507e-01
1.136324359442426601e-01
1.450667563884040501e+00
1.735982039759724760e+00
-1.194232445231305562e+00
6.206882897446299729e-01
1.310860514889490291e+00
3.950695355955659016e-01
-1.208106542094355695e-01
4.367816212372271911e-01
4.623942222155466575e-01
-2.012551230504265876e-01
3.634279894238470199e-01
1.039532625768026852e+00
1.265606079458737598e+00
-7.014460607024957106e-01
3.634279894238470199e-01
-2.056295416027703327e-01
6.431940470615872263e-01
1.092477344980688825e+00
5.389144836825052742e-01
3.248292166286412264e-01
-2.012553540205908931e+00
-8.134339252188218516e-01
1.112906277333675753e+00
-2.978847803831326524e-01
-9.491936026236974522e-01
1.037655348257667365e+00
-4.184941056077561838e-01
-8.186314574476760697e-01
7.954524639245337259e-01
3.596736836091056488e-02
2.525316766482421205e+00
7.123430491712716695e-01
-1.553539411806542092e-01
-3.121838527750614212e+00
5.738460274721771670e-01
1.487674690048604864e+00
-8.166798394379380654e-02
2.033054098559170964e+00
7.783859723388092400e-01
1.819929181909840099e-01
4.421055952425257396e-01
-1.506812234855279486e+00
-5.971675819098856142e-01
-7.025908475465445502e-01
3.807305348223500863e-01
5.586134535017420744e-01
5.301958409276815581e-02
-2.428677273686064286e-01
-6.007118276912284394e-01
1.435895412430619800e+00
-1.884697692756784004e+00
-4.413050288934090570e-01
7.612431430465221860e-01
5.425445051342261404e-01
1.831125729725419315e+00
1.149563596115061426e+00
1.058860810235988659e+00
1.452032225285271094e+00
1.326351897858248363e-01
-1.283327433010380325e+00
2.645451510896019709e-01
7.616155892230778157e-01
-6.538785143965035740e-01
-4.441037121126503728e-01
8.358912266293166970e-01
-6.220913022681978655e-01
2.294938070053705870e-01
-8.669013752099217207e-01
-1.320776560335046312e+00
-3.025969694817322586e-01
9.855218808734802494e-01
-1.670009471587028949e-01
-3.859358644983323927e-02
6.793797421689402594e-01
4.232301835517287003e-01
1.482742397102648768e+00
-4.369778345051738427e-02
8.404620993203902601e-02
1.903205230098645728e+00
-7.556809758997658222e-02
1.512033488620486921e+00
-5.103205546176896590e-01
-1.116119243059802979e-01
-5.883729626365339360e-01
-2.775957409524891784e-01
2.691246688914147978e+00
7.318943422899591988e-01
-3.286800388716467486e-02
1.950052825283103974e+00
7.867375890172444153e-02
-1.128605427600698485e+00
-5.667909500176564475e-01
-1.128605427600698485e+00
-1.239739351736162953e-01
7.457083959014014773e-01
3.072813674106864013e-01
1.333588892298988693e+00
6.045391718707212453e-02
-1.847805844292140232e-01
1.398348064284127279e-01
-4.389925510292544408e-01
-1.783083936682715032e-01
3.414741231024156498e-01
6.665090309346409780e-01
5.502550534366634771e-01
7.612431430465221860e-01
1.016141337476905271e+00
5.661619276242996213e-01
-1.172563272470137585e+00
5.879529271574824856e-01
-3.066969682645724893e-01
1.882150485926085137e+00
-8.042378430600306549e-01
1.629990852448027772e-01
3.196750090082973728e-01
-4.831606024618378958e-01
5.867970737219878608e-01
-6.207994304117675499e-01
1.046424714104928322e+00
-9.116493709575762550e-01
-5.570448642787102500e-01
3.568387553142058355e-01
-6.079338863432712792e-01
-5.573011812782833196e-01
5.529535793651851883e-01
-1.002205941124240329e+00
-2.581625615148590569e-01
1.360745966036641941e-01
9.808762333234209707e-02
4.141501017190045708e-01
1.452032225285271094e+00
-3.603326492712111140e+00
1.724333802578860375e+00
7.829705506124805536e-01
-5.282477263748495133e-01
-1.652404345631443672e+00
-8.303147759785271809e-02
-4.273146148410077866e-02
5.666318793476220472e-01
5.569822538637785314e-01
-6.167035031074333817e-01
2.152344715312711973e-02
-6.985024494085591007e-01
1.882150485926085137e+00
1.031044785352892124e+00
3.059893721178657544e-01
6.914048705088210456e-01
1.116618990634067332e+00
-7.347653912693890010e-01
1.362956078254698097e-02
1.860116542437633580e+00
2.056054701861893541e+00
-1.018825584653789557e-01
5.586134535017420744e-01
6.104573606537231356e-01
1.613553059942012480e+00
-9.976092427109213290e-01
-1.290663637297566391e+00
1.246547063429276569e+00
-2.341936132568246620e+00
5.637724486744283281e-01
2.536062331985530771e-01
1.310860514889490291e+00
2.141029663049103693e+00
1.918598174400216516e+00
2.372791375395165936e+00
-8.215763787350605085e-01
-2.491930160305245501e+00
6.737400386701607458e-01
5.594644617945514486e-01
5.971411837360933728e-01
-3.121838527750614212e+00
-8.225423116245146327e-01
-1.475285576234634632e+00
3.938168216605006378e-01
1.396354637475972493e-01
1.890660591960686976e-01
-9.851175111713516008e-01
-8.225423116245146327e-01
-2.747107057055206969e+00
4.141501017190045708e-01
-1.018825584653789557e-01
-4.273146148410077866e-02
1.286708820974837852e-01
-7.347653912693890010e-01
-1.014742706699742314e+00
-1.435855937836710616e+00
5.245143029890410036e-01
1.170909433305847180e+00
-5.193174359901141512e-01
1.625160265103237078e+00
1.431568428801495374e+00
9.598300587306493950e-03
2.374648863286901723e-01
-1.781352275031741483e-01
-9.055924551395133637e-01
-9.819245672755511078e-01
-3.170170121968773347e-01
-7.390679429886146123e-02
-1.273815759715566376e+00
-5.572731184610433264e-01
-8.046338175104889023e-01
-1.410088194402538075e+00
3.305810377225157026e+00
-5.067864614837301884e-01
1.724333802578860375e+00
-2.780866729705256182e-02
-1.122266783413795599e+00
-4.704444070515439447e-01
6.331380872147696071e-01
-1.336435578901972177e-01
6.665090309346409780e-01
8.718936340394817242e-01
2.374648863286901723e-01
2.638815223460083681e-01
1.281877237933967795e+00
4.880495707764869184e-01
-2.847267436756870107e-01
-3.426940823721263962e-01
-5.463244766294300669e-01
1.092477344980688825e+00
-4.226403562684135640e-01
2.801079002024148945e+00
2.901073023959688246e-02
7.518590927666510826e-01
5.301958409276815581e-02
1.041279616795868362e-01
-6.197762386793528311e-01
4.893015540604245261e-01
1.104920746592167324e+00
6.715275941880864963e-01
4.673115737077764842e-01
7.063973018986151597e-01
-2.101199605756168265e-01
-1.208106542094355695e-01
5.519379488897151464e-01
1.396354637475972493e-01
-1.884071370107293086e+00
9.812617961372513964e-01
-3.736039472868019629e-01
5.839401765684286705e-01
5.666318793476220472e-01
-1.160928871954697017e-01
9.553077339170217286e-01
-8.134339252188218516e-01
7.416414441693307547e-01
1.537881071632725583e+00
-3.384374935468472678e-01
-1.090471185128005338e+00
-1.196198090327095231e+00
-1.259929337631306101e+00
9.553077339170217286e-01
-4.302181618680231412e-01
8.294475402925681751e-01
7.829705506124805536e-01
-6.132325372092335414e-01
4.367816212372271911e-01
-3.979727399157136913e-01
-1.508930020479481993e+00
1.680739638134523539e-01
-1.336435578901972177e-01
1.660099721636727699e+00
4.232301835517287003e-01
7.518590927666510826e-01
1.046424714104928322e+00
1.331118129046285348e-01
1.027028194963081731e+00
6.362020253304544459e-01
-1.203386211708203035e+00
2.691246688914147978e+00
1.211680829417826288e+00
-1.208106542094355695e-01
5.552432012102956893e-01
3.196750090082973728e-01
-1.733513873062552946e-01
-5.282477263748495133e-01
-2.747107057055206969e+00
1.657367952652821774e+00
4.620838246234492130e-01
-4.302181618680231412e-01
-6.859587873807120317e-01
1.003193561785716559e-01
-3.286800388716467486e-02
6.646706996510576282e-01
5.022319439111116307e-02
8.472548955549872307e-01
-1.401155767106327388e-01
8.660991746757938925e-01
-2.262283088410026011e+00
-2.040424794678570297e+00
5.389144836825052742e-01
7.425411114305784377e-01
-2.847267436756870107e-01
1.398173630268744194e+00
-1.676236622988299674e-01
-6.388963974676866719e-01
7.696777837744468442e-01
-1.813126369240233154e-02
1.360745966036641941e-01
-4.389925510292544408e-01
1.203141472409355650e+00
-8.303147759785271809e-02
-3.736039472868019629e-01
7.378608764104770401e-01
-5.256981398912013992e-01
1.875338965632303845e-01
2.181714585055909428e-01
-2.320010043667518340e-01
3.045647938753562878e-01
-2.522637325484211601e-01
1.630139502964712550e+00
-1.136814389940912218e+00
-3.848431116403769336e-01
-1.813126369240233154e-02
9.688103328246859824e-01
-8.042378430600306549e-01
1.772710038802631505e-01
1.126584853717759405e+00
-2.932274588353203648e-01
-8.858657085925176755e-01
-5.325766201226167507e-01
-2.491930160305245501e+00
1.127483657933938233e+00
6.882986523373850751e-01
1.362956078254698097e-02
-3.083192371905440488e-01
-1.028012433322830876e+00
-3.370291226325277112e-01
-7.185648909566927367e-01
-8.758974979542143158e-02
-1.358242994739531140e+00
1.114228940119136535e+00
1.643035690678186000e+00
1.073357762567320517e+00
-1.277387934438855677e+00
1.477375133406547469e+00
1.554306569682890382e+00
-5.007372889245906844e-01
2.189230859244753469e-01
9.855218808734802494e-01
-9.140082323755110982e-01
-1.123279020673396245e+00
-5.098430276226223468e-01
-1.492849659394878348e+00
-3.574837679759036435e-01
-8.258233632321297923e-01
1.726459394629727973e+00
1.606637309586272711e+00
7.425411114305784377e-01
4.421055952425257396e-01
3.732756967727881570e-01
1.405562459649614127e+00
4.389515721890754341e-01
5.637724486744283281e-01
-1.025474654504959560e+00
3.414741231024156498e-01
1.819929181909840099e-01
-7.014460607024957106e-01
1.325163262763221494e+00
-3.060464111797794318e-01
-3.379003577376010203e-01
-1.002205941124240329e+00
1.046409858984613250e-01
-1.820827089661595233e+00
-5.374378471146371572e-01
2.801079002024148945e+00
2.901073023959688246e-02
-5.173630729000258111e-01
-1.508930020479481993e+00
-1.118096101948362175e+00
-7.185648909566927367e-01
1.182448886324059423e+00
1.046409858984613250e-01
-2.190607779395458143e-01
-5.193174359901141512e-01
7.063973018986151597e-01
5.110401726316069482e-01
1.029148043822275538e+00
1.698302317327151645e-01
1.741677485244206069e+00
-1.567022951133230313e+00
-1.541075446049271491e-01
-1.393565797051530053e+00
5.515734251374098118e-01
-3.286800388716467486e-02
2.397263367097580034e+00
-2.978847803831326524e-01
-1.508930020479481993e+00
3.494294524933461155e-01
-4.400975141539552604e-01
-2.734927418831564760e-01
-7.092482333164796815e-01
7.681290149702352243e-02
1.580855278743236170e+00
-7.092482333164796815e-01
1.093866758247130200e+00
8.265594189613323373e-01
-1.763652462289996559e-01
-4.369778345051738427e-02
-1.291306442422929024e+00
-7.763018050182286522e-01
7.639599513939809849e-01
2.373499541994714135e-01
1.114228940119136535e+00
7.214008301695842285e-01
-2.012553540205908931e+00
-1.615309349211710988e-01
2.785146764462980706e-01
-2.822360094068050440e-01
1.077885105058000947e+00
1.164235632585850722e+00
-5.460350713282362545e-01
-1.651984515191992964e+00
2.485977240373038466e+00
8.404620993203902601e-02
-3.174512686760535551e-01
6.652746881941374868e-01
1.170909433305847180e+00
1.981496293484372284e+00
-1.301185213695451592e-01
1.924090871573483907e+00
7.630828013698345291e-01
1.682876746998388517e+00
-3.579032781182216905e+00
-1.475285576234634632e+00
1.248837293653948688e+00
4.893015540604245261e-01
-8.258233632321297923e-01
3.045647938753562878e-01
-5.375680327441476614e-01
-1.531344303209858371e+00
7.857331337961265261e-01
-1.676236622988299674e-01
1.108861891427329605e+00
1.077885105058000947e+00
-1.196198090327095231e+00
-6.985024494085591007e-01
-8.855935409926611879e-01
1.077885105058000947e+00
1.092477344980688825e+00
-1.135759189106740896e+00
7.518590927666510826e-01
4.978587588052855312e-02
7.857331337961265261e-01
-5.173630729000258111e-01
1.703697178013754698e-01
1.029148043822275538e+00
1.127483657933938233e+00
-1.459303431102293991e-01
1.832144683127830964e+00
1.395355759732331613e+00
5.551674534670884009e-01
-6.859587873807120317e-01
3.543013733069247939e-01
-1.799659196893031110e+00
1.525045840765192062e-01
-2.539840502382805787e-01
6.793797421689402594e-01
1.643035690678186000e+00
-1.479743159555498178e+00
1.640290679991956990e+00
7.416414441693307547e-01
1.485045130997822760e+00
-1.273815759715566376e+00
5.806735234096735976e-01
1.895362393457465044e+00
6.030528442194572625e-01
-5.103205546176896590e-01
-7.797423011815413085e-01
-1.427873097376285649e+00
6.742396623569417713e-01
-4.660405572910041316e-01
-7.025908475465445502e-01
1.408587239937738600e+00
-6.188706164634305562e-01
1.046912812136279181e+00
1.047267678754656428e+00
3.130208583535706302e-01
1.092477344980688825e+00
1.913267924756969718e+00
-7.763018050182286522e-01
-8.261926764951934565e-01
6.612316262273394418e-01
-1.567022951133230313e+00
-5.971675819098856142e-01
-2.012553540205908931e+00
1.819929181909840099e-01
-4.347964314038117450e-01
1.485045130997822760e+00
-1.253940526842849124e-01
-5.148494670546709395e-01
2.801079002024148945e+00
-3.795869155235553349e-01
5.242487923261619498e-01
6.331380872147696071e-01
5.666318793476220472e-01
-2.056295416027703327e-01
4.954283588613490608e-01
-1.090471185128005338e+00
9.598300587306493950e-03
9.489429378468042242e-02
6.715275941880864963e-01
1.524959034316206337e-03
-9.968418142647211821e-01
-2.140121442076159397e-02
1.092846416095531570e+00
1.655818219951886050e+00
4.296751727046491109e-02
-2.743332942908717209e-01
-7.025908475465445502e-01
-3.083192371905440488e-01
5.002555562189636706e-01
-6.985198868156852203e-01
6.262224303350543142e-01
-5.460350713282362545e-01
2.374648863286901723e-01
-1.652404345631443672e+00
-1.553539411806542092e-01
-9.819245672755511078e-01
2.785146764462980706e-01
-6.012816560454382619e-01
-2.539840502382805787e-01
2.691246688914147978e+00
6.958764119419991179e-01
-1.010166992515646178e-01
2.969969018071772493e-01
-7.879133734342158579e-01
1.724333802578860375e+00
7.619839767871454568e-03
8.294475402925681751e-01
-6.190379994273121911e-01
-1.014760161105682235e+00
-1.279320627685982537e-01
1.580855278743236170e+00
1.149563596115061426e+00
-8.507842859527531276e-02
1.125430130948046337e-01
2.016066999451736619e-01
2.246047695203075567e-01
5.879529271574824856e-01
-5.572731184610433264e-01
-9.055924551395133637e-01
9.201330739568246431e-01
-3.384374935468472678e-01
-5.667909500176564475e-01
-7.505956466065489829e-01
-5.823701718397964466e-01
5.839401765684286705e-01
8.294475402925681751e-01
-9.536444665330562342e-01
-1.124158674454111662e+00
1.225758974045508598e+00
5.806735234096735976e-01
-3.121838527750614212e+00
-6.079338863432712792e-01
-5.007372889245906844e-01
2.161061126761964005e-02
9.201330739568246431e-01
1.452032225285271094e+00
9.628968202957709499e-01
9.719725863371903030e-01
-6.567910274588748543e-01
-8.736461592962127543e-02
-4.145770481066246016e-01
-7.733851455885897286e-01
-1.639522579475146902e+00
-3.602207007641711201e-01
-7.456965602642312563e-02
-6.238486882275926515e-01
-1.781050439668024010e+00
-6.167035031074333817e-01
7.416414441693307547e-01
9.054560808592289067e-01
-5.122539895029551982e-01
-8.276914180781465014e-01
4.040763222323001669e-01
-1.010166992515646178e-01
2.138441892282138213e+00
1.044588512438141548e+00
-1.531344303209858371e+00
5.661619276242996213e-01
-7.879133734342158579e-01
-1.038269476543764558e+00
1.968533673645728732e-01
6.903469155302812688e-01
1.046424714104928322e+00
-1.749677030336284078e-01
-1.677866774854642085e+00
-1.847757744701375993e-01
-1.895370498951932936e-01
-2.978847803831326524e-01
-1.149003541833246933e+00
-8.858657085925176755e-01
1.512815248561180992e+00
7.993601075089779018e-01
1.452511830570804907e+00
1.770801242097674866e+00
1.818266978082121232e+00
6.914048705088210456e-01
1.326351897858248363e-01
4.262088572578587309e-01
2.725089771562304586e-01
7.951700170400206602e-01
-1.615309349211710988e-01
-2.932274588353203648e-01
-1.441414205146371641e+00
5.516128204450900796e-01
-9.491936026236974522e-01
7.156637884175308661e-01
6.331380872147696071e-01
6.064943489226182205e-01
-9.817898002552104542e-01
1.480779941214997564e+00
9.201330739568246431e-01
1.580855278743236170e+00
-1.884071370107293086e+00
8.795543364875957337e-01
1.619325793276572001e-01
-8.098721596565938707e-01
7.537931257402263885e-01
-8.709660739668839691e-01
1.230156105450237680e+00
1.728077790910186540e+00
-2.822360094068050440e-01
-2.996211587542825239e-01
5.552432012102956893e-01
-1.077862628834055231e-01
-7.502927862808222992e-01
-1.823172049954182861e-01
2.964565783251192910e-01
3.059893721178657544e-01
-1.128605427600698485e+00
1.818266978082121232e+00
7.200522706468852618e-01
-3.937833962135997568e-01
-2.575168374609259736e+00
-4.531811513784040346e-01
-1.351790514283023992e+00
1.524959034316206337e-03
4.642776778662887627e-01
7.993601075089779018e-01
-6.220913022681978655e-01
-8.166798394379380654e-02
-5.394531234765175265e-01
7.147663896727131094e-01
-1.457183993652501286e+00
-1.781050439668024010e+00
-1.413363584334949907e+00
4.978587588052855312e-02
1.058860810235988659e+00
1.395355759732331613e+00
-9.338311814043952219e-02
9.598300587306493950e-03
1.882150485926085137e+00
-1.567022951133230313e+00
5.912668055689683788e-01
-1.149003541833246933e+00
-4.660405572910041316e-01
-5.098430276226223468e-01
-5.395157920969315818e-02
8.064416500866328219e-01
1.125430130948046337e-01
1.735982039759724760e+00
1.421589953715912014e+00
-9.976092427109213290e-01
-2.341936132568246620e+00
-2.115319641816963414e-01
7.318943422899591988e-01
-2.539840502382805787e-01
1.550304613220895300e-01
-8.507842859527531276e-02
9.201729727041275675e-01
-4.149339205543356446e-02
-7.086316288066061286e-01
-1.165266669249495735e+00
8.433423313238598285e-01
-8.258233632321297923e-01
-1.435855937836710616e+00
3.072813674106864013e-01
1.001532209262736117e+00
-9.440476256007730438e-01
3.881000476097485885e-01
-4.436049722346589730e-02
1.478548065179156934e+00
1.058860810235988659e+00
-2.539840502382805787e-01
-5.129470209445178286e-01
-1.351790514283023992e+00
1.421951135300375313e+00
2.570711754493834045e-01
1.326351897858248363e-01
-4.302181618680231412e-01
5.425445051342261404e-01
-1.567022951133230313e+00
1.537881071632725583e+00
2.095402127218779942e+00
2.246047695203075567e-01
4.459118601964434103e-01
-1.077862628834055231e-01
-2.256346512247069835e+00
1.104131931868291838e+00
7.123430491712716695e-01
-6.494482481309865607e-01
7.829705506124805536e-01
-1.890110064708953597e-01
-1.116119243059802979e-01
-6.222420291945890414e-01
2.388893403881396649e-01
-1.149003541833246933e+00
3.196750090082973728e-01
-1.517392351715515231e-01
5.169408184812834817e-01
-7.879133734342158579e-01
-5.256981398912013992e-01
1.573549121618204039e+00
-2.262283088410026011e+00
-8.388833579118687434e-01
-5.911741569627351062e-02
1.001532209262736117e+00
-6.492881168415856052e-01
5.552432012102956893e-01
-1.124158674454111662e+00
1.981496293484372284e+00
9.489429378468042242e-02
9.628968202957709499e-01
7.954524639245337259e-01
-5.106759600997902160e-01
-1.783083936682715032e-01
-1.890631902031195466e+00
1.480779941214997564e+00
-1.426382068941453030e-01
-4.929779655666159943e-01
1.890660591960686976e-01
-5.325766201226167507e-01
8.570968227815014551e-01
-5.823701718397964466e-01
-9.007653678840927824e-01
2.047591603218539724e+00
1.450667563884040501e+00
-6.985198868156852203e-01
-1.315994737840914031e+00
7.830099707561795075e-01
9.015237024280389200e-01
7.616155892230778157e-01
1.136324359442426601e-01
9.204370571629640896e-01
2.372791375395165936e+00
1.726459394629727973e+00
1.213207388679478749e+00
7.318943422899591988e-01
2.373499541994714135e-01
-9.968418142647211821e-01
3.521710791308427235e-01
-5.815601566443208137e-01
7.214008301695842285e-01
-1.556034163393436920e+00
6.262224303350543142e-01
-5.374378471146371572e-01
-7.263805913902227074e-01
-4.145770481066246016e-01
-7.502927862808222992e-01
-6.933328419407240872e-01
9.363061665106180431e-01
1.641999074865706509e+00
-7.370248552179006207e-01
-3.370291226325277112e-01
-3.603326492712111140e+00
5.806735234096735976e-01
-1.820827089661595233e+00
1.924090871573483907e+00
-6.137709993332693958e-01
-1.283327433010380325e+00
3.127235626767307930e-01
1.027028194963081731e+00
8.624073884905214538e-02
-1.273815759715566376e+00
-2.534049484356198367e-01
9.808762333234209707e-02
-2.256346512247069835e+00
6.903469155302812688e-01
1.362956078254698097e-02
1.550304613220895300e-01
-3.602207007641711201e-01
-1.715554785160731122e+00
-6.220913022681978655e-01
-1.820827089661595233e+00
-2.775957409524891784e-01
-8.215763787350605085e-01
-2.711051463590510857e-01
8.433423313238598285e-01
4.880495707764869184e-01
-1.665813682353163225e-02
5.169408184812834817e-01
6.715275941880864963e-01
-1.457183993652501286e+00
6.151412514633048945e-01
9.628968202957709499e-01
5.022319439111116307e-02
9.489429378468042242e-02
1.640290679991956990e+00
1.125430130948046337e-01
2.554518034451052078e-01
-7.497266595934100053e-01
9.628968202957709499e-01
1.698302317327151645e-01
-8.507842859527531276e-02
-2.262283088410026011e+00
-1.763652462289996559e-01
-1.676236622988299674e-01
-1.541075446049271491e-01
-4.797813755995295470e-01
-1.277387934438855677e+00
7.951700170400206602e-01
-3.441295545169623660e-01
-9.665331158049350613e-01
5.389144836825052742e-01
-2.232764993645449891e+00
1.431568428801495374e+00
-1.475285576234634632e+00
-1.637942733466192902e+00
2.929611615021807114e-02
7.295082047987021534e-01
-8.855935409926611879e-01
-6.337534485903844050e-01
-2.822360094068050440e-01
6.756752110383854593e-01
-1.028012433322830876e+00
2.397263367097580034e+00
-6.492881168415856052e-01
5.515734251374098118e-01
-6.112723909219606178e-01
1.125430130948046337e-01
1.360745966036641941e-01
7.829705506124805536e-01
1.752010185387012919e+00
1.108861891427329605e+00
9.134923241554809836e-01
-1.375282385703737731e-01
-9.533328706377414141e-01
-8.989277998441216333e-01
6.652746881941374868e-01
-6.188706164634305562e-01
1.246711477304058624e+00
-7.505956466065489829e-01
6.903469155302812688e-01
-3.782268591098854049e-01
5.552432012102956893e-01
1.701349174368144812e+00
-9.514881652576099302e-01
-1.354963280379983370e+00
-1.475285576234634632e+00
1.485045130997822760e+00
1.092477344980688825e+00
1.588228491653126406e+00
9.945071400218090663e-01
3.498783423013251959e-01
8.624073884905214538e-02
1.037655348257667365e+00
-1.541075446049271491e-01
-3.970590418555235424e-01
-4.628945003014544035e-01
2.016066999451736619e-01
-2.101199605756168265e-01
-1.158950767994965103e+00
1.485045130997822760e+00
6.586346942243046509e-01
-7.879133734342158579e-01
-4.436049722346589730e-02
-4.302181618680231412e-01
-1.320776560335046312e+00
1.833229865743436715e+00
-2.581625615148590569e-01
-7.014460607024957106e-01
1.400961481807245779e+00
-1.220192763317260676e+00
2.019900701658848552e-01
-1.283327433010380325e+00
1.136324359442426601e-01
-5.067864614837301884e-01
9.472571276493086945e-01
-3.761499492388186150e-01
5.912668055689683788e-01
-6.603815546512321610e-01
-1.502808181007285970e+00
6.958764119419991179e-01
1.770801242097674866e+00
-1.315994737840914031e+00
-3.379003577376010203e-01
-5.460350713282362545e-01
-4.920306265148294833e-01
-1.615309349211710988e-01
2.388893403881396649e-01
4.544995053520028416e-01
-1.128605427600698485e+00
-1.144681473983753861e+00
-1.077862628834055231e-01
-7.025908475465445502e-01
4.141501017190045708e-01
3.767537781049693502e-01
-6.137709993332693958e-01
6.451328726722214135e-01
-5.467187939127291507e-01
2.731308310722073696e-01
-1.118096101948362175e+00
-4.920306265148294833e-01
4.739776159948018153e-01
4.801880799336497030e-01
-8.183539109001386480e-01
-1.148027568882024285e+00
7.351432203364792750e-01
6.451328726722214135e-01
-7.456965602642312563e-02
-2.290511577155370238e-01
-7.797423011815413085e-01
3.217572444226148021e-02
-1.275873334640307277e-01
4.936349765771870512e-02
-4.662263106414408220e-01
-9.440476256007730438e-01
1.440951307220466271e+00
-6.337534485903844050e-01
2.969969018071772493e-01
5.516128204450900796e-01
-1.220192763317260676e+00
1.333903299835745626e+00
-5.189245604391039546e-01
7.999309020977027895e-01
6.876369454004076232e-02
6.444498055500569311e-02
-8.652932720634878283e-01
7.534304024038224190e-01
2.100236414360610038e+00
2.102922409039589713e+00
-1.506812234855279486e+00
3.045647938753562878e-01
7.767780946631281935e-01
-1.781050439668024010e+00
1.753402454440928793e+00
-5.808903252758483848e-01
-7.199700375487937121e-02
6.151412514633048945e-01
-1.230787052950651494e+00
-2.101199605756168265e-01
6.151412514633048945e-01
-1.884071370107293086e+00
2.550906189889876052e-01
-3.379003577376010203e-01
1.520850465684376041e-01
9.043124199995234980e-01
-4.176643387640190941e-01
1.629915105156078958e+00
3.543013733069247939e-01
-1.358242994739531140e+00
8.395875969195409905e-01
7.696777837744468442e-01
6.451328726722214135e-01
-1.737401754694803069e+00
-8.098721596565938707e-01
1.735982039759724760e+00
4.853957470654892692e-01
-8.771320573614393989e-01
1.860116542437633580e+00
4.691722512106136223e-01
1.452511830570804907e+00
-6.424876475201101167e-01
1.452511830570804907e+00
8.265594189613323373e-01
-2.274567790686446156e-01
-1.884071370107293086e+00
1.741677485244206069e+00
-3.784704523846463275e-01
-3.174512686760535551e-01
-1.283327433010380325e+00
2.294938070053705870e-01
1.031044785352892124e+00
-3.240534524340871192e-01
1.703697178013754698e-01
6.071203851933582030e-01
1.203662280782306082e+00
-1.018825584653789557e-01
2.691246688914147978e+00
-6.948990423773105940e-01
-6.023413265051564824e-01
-1.531344303209858371e+00
7.829705506124805536e-01
-2.747107057055206969e+00
9.201729727041275675e-01
-4.973194965007760038e-01
5.867970737219878608e-01
1.309281308730928517e+00
-1.916820506379645739e+00
4.544995053520028416e-01
2.554518034451052078e-01
-5.256981398912013992e-01
-8.263752869231857923e-02
4.893015540604245261e-01
6.652746881941374868e-01
-8.736461592962127543e-02
-7.811530349575963594e-01
7.830099707561795075e-01
-2.254485159896953972e-01
9.861456215367947475e-01
4.801880799336497030e-01
-2.760609064457844930e+00
-1.203386211708203035e+00
8.064416500866328219e-01
7.619839767871454568e-03
6.914048705088210456e-01
-1.823172049954182861e-01
4.521468203205222802e-01
6.958764119419991179e-01
7.457083959014014773e-01
-8.316694237612459739e-01
3.958676739248336851e-01
-1.553539411806542092e-01
-8.669013752099217207e-01
9.472571276493086945e-01
-1.890110064708953597e-01
