2.102922409039589713e+00
-6.071839128156995002e-01
-7.797423011815413085e-01
2.019900701658848552e-01
8.570968227815014551e-01
4.954283588613490608e-01
-5.282477263748495133e-01
-9.338311814043952219e-02
3.950695355955659016e-01
2.152344715312711973e-02
9.160684137643380076e-01
1.611477028752073881e+00
-7.311712200772412240e-01
1.191194102729722815e+00
1.554306569682890382e+00
-8.855935409926611879e-01
1.657367952652821774e+00
-8.556519111158840118e-01
1.001532209262736117e+00
1.043426445575750039e+00
-8.137193132259550044e-02
8.721492231313432431e-01
1.421951135300375313e+00
2.095402127218779942e+00
6.045391718707212453e-02
-4.369778345051738427e-02
1.250760064109219735e-02
-6.222420291945890414e-01
1.554306569682890382e+00
4.355178626111291806e-01
-6.222420291945890414e-01
1.641999074865706509e+00
1.170909433305847180e+00
-8.258233632321297923e-01
3.494294524933461155e-01
-1.254405222734809922e+00
8.568372352488589083e-01
1.309281308730928517e+00
-4.784195763579415783e-01
-8.669013752099217207e-01
2.029753196088658562e+00
-2.540152442051553550e+00
1.606637309586272711e+00
-8.858657085925176755e-01
1.027028194963081731e+00
6.206882897446299729e-01
2.725089771562304586e-01
2.095402127218779942e+00
-1.124158674454111662e+00
7.999309020977027895e-01
1.626896500509309007e+00
2.138441892282138213e+00
1.116738040075118343e+00
1.825812096150487146e-02
-3.602207007641711201e-01
-1.002205941124240329e+00
1.182448886324059423e+00
1.915388624448477684e+00
-1.077414034996529435e-01
1.073357762567320517e+00
1.742858700605932620e-01
1.655818219951886050e+00
1.832144683127830964e+00
-1.207959235392550346e+00
-3.379003577376010203e-01
9.043124199995234980e-01
1.485045130997822760e+00
-1.237389103818109959e+00
-7.199700375487937121e-02
-3.979727399157136913e-01
-2.012553540205908931e+00
5.912668055689683788e-01
6.665090309346409780e-01
-1.441414205146371641e+00
6.435637306027324200e-01
-9.923366782765318250e-01
-4.176643387640190941e-01
7.681290149702352243e-02
-8.276914180781465014e-01
1.408587239937738600e+00
-3.523420682532703019e-01
-3.244486223058164372e-03
8.352749050586583124e-01
1.613553059942012480e+00
4.262088572578587309e-01
-1.025457654600969021e-01
7.295082047987021534e-01
4.296751727046491109e-02
-2.326764487082595867e+00
-8.556519111158840118e-01
-9.491936026236974522e-01
1.629990852448027772e-01
-7.497266595934100053e-01
9.855218808734802494e-01
-1.890631902031195466e+00
-5.067864614837301884e-01
-1.124264432774689793e-01
-5.173630729000258111e-01
2.176032106402520760e+00
-2.428677273686064286e-01
1.529702605306126895e+00
2.969969018071772493e-01
-6.603815546512321610e-01
-4.302181618680231412e-01
9.301203320240555850e-02
-3.761499492388186150e-01
-6.603815546512321610e-01
1.016141337476905271e+00
5.245143029890410036e-01
1.588228491653126406e+00
-1.127502117067594511e+00
2.100236414360610038e+00
1.027028194963081731e+00
1.606637309586272711e+00
-2.428677273686064286e-01
-1.014760161105682235e+00
8.568372352488589083e-01
2.016066999451736619e-01
-1.358242994739531140e+00
2.138441892282138213e+00
-1.641153488178419106e+00
6.876369454004076232e-02
7.518590927666510826e-01
6.646706996510576282e-01
-1.371800612679572096e+00
-2.268398319510309680e-01
7.430636872730271847e-01
-2.561782196330880113e-01
1.535166808951986539e+00
-1.077414034996529435e-01
-7.121564727527192051e-01
-5.193174359901141512e-01
6.612316262273394418e-01
-9.533328706377414141e-01
-5.667909500176564475e-01
-2.780866729705256182e-02
6.206882897446299729e-01
-1.107232600589366900e+00
-2.012553540205908931e+00
-1.136814389940912218e+00
-1.127502117067594511e+00
-5.007372889245906844e-01
-1.376709755301966265e+00
-6.220913022681978655e-01
-2.534049484356198367e-01
1.613553059942012480e+00
2.169991284165877221e-01
-1.196198090327095231e+00
-6.337534485903844050e-01
5.569822538637785314e-01
-1.207959235392550346e+00
-2.232764993645449891e+00
-1.044072450075578251e+00
1.821320950138515249e+00
-5.911741569627351062e-02
6.045391718707212453e-02
3.881000476097485885e-01
-1.905223323227103194e-01
-1.926005469873690590e+00
1.613553059942012480e+00
4.544995053520028416e-01
3.938168216605006378e-01
7.152666757180814461e-01
-1.820827089661595233e+00
1.041279616795868362e-01
-9.270671020876763979e-01
9.160684137643380076e-01
-9.394469360478448217e-02
1.640290679991956990e+00
-2.232764993645449891e+00
3.873683635186306318e-01
-7.025908475465445502e-01
9.054560808592289067e-01
3.127235626767307930e-01
3.248292166286412264e-01
9.945995684827640959e-01
6.358357045587647027e-01
1.520850465684376041e-01
1.435895412430619800e+00
1.529702605306126895e+00
7.829705506124805536e-01
3.248292166286412264e-01
7.200522706468852618e-01
8.326737401916650683e-01
-2.917245062886527074e-01
1.039532625768026852e+00
1.035106042351572109e+00
1.485045130997822760e+00
-8.969844584169550661e-01
-2.581625615148590569e-01
1.058860810235988659e+00
1.550304613220895300e-01
7.783859723388092400e-01
5.511346001736114886e-01
-6.809118478638466199e-01
2.485977240373038466e+00
1.585934456362325939e-01
1.395355759732331613e+00
1.440951307220466271e+00
-8.989277998441216333e-01
-3.170170121968773347e-01
3.523598407405822419e-01
2.169991284165877221e-01
-1.441414205146371641e+00
1.054397633764666775e+00
-5.460350713282362545e-01
-7.263805913902227074e-01
-2.879343403365589027e-01
1.610152460975693645e+00
8.804292081173020756e-01
9.945995684827640959e-01
-8.098721596565938707e-01
-8.046338175104889023e-01
7.629214491433551348e-01
2.095402127218779942e+00
-3.789673081526353515e-01
3.217572444226148021e-02
1.657367952652821774e+00
1.561915291198094288e-02
-6.238486882275926515e-01
1.104920746592167324e+00
1.629915105156078958e+00
-2.540152442051553550e+00
5.519379488897151464e-01
-6.948990423773105940e-01
-1.239739351736162953e-01
1.440951307220466271e+00
2.372791375395165936e+00
-1.393565797051530053e+00
-1.615309349211710988e-01
-1.010166992515646178e-01
-1.113975228949998897e+00
1.860116542437633580e+00
9.945995684827640959e-01
6.206882897446299729e-01
3.588709154272436974e-01
-1.114604665368021941e+00
3.767537781049693502e-01
3.523598407405822419e-01
-8.745154561534653759e-01
-6.137709993332693958e-01
5.242487923261619498e-01
1.504963093831513110e-01
1.831125729725419315e+00
-1.230787052950651494e+00
4.421055952425257396e-01
1.718411836668773673e-01
-1.123279020673396245e+00
-1.158950767994965103e+00
-8.709660739668839691e-01
-2.533744640399847592e-01
1.246547063429276569e+00
-3.539880383934991270e-01
-9.440476256007730438e-01
-1.899982338459660358e-01
6.045391718707212453e-02
1.049304310387881412e+00
-7.014460607024957106e-01
-2.760609064457844930e+00
9.363061665106180431e-01
6.652746881941374868e-01
6.045391718707212453e-02
-4.184941056077561838e-01
2.969969018071772493e-01
1.170909433305847180e+00
1.641999074865706509e+00
-3.384374935468472678e-01
-1.183731503507037264e+00
6.331380872147696071e-01
1.910920347640593375e+00
-2.445902894428233013e-02
5.389144836825052742e-01
1.035106042351572109e+00
-7.011023759159412672e-02
1.698302317327151645e-01
8.294475402925681751e-01
-1.884697692756784004e+00
1.029148043822275538e+00
-8.098721596565938707e-01
1.588228491653126406e+00
1.525045840765192062e-01
1.039532625768026852e+00
4.162480813222196319e-01
3.938168216605006378e-01
-4.831606024618378958e-01
1.027028194963081731e+00
-8.134339252188218516e-01
6.045391718707212453e-02
-1.641153488178419106e+00
-5.558260887652891613e-01
4.355178626111291806e-01
-2.445902894428233013e-02
-2.268398319510309680e-01
1.924090871573483907e+00
1.031044785352892124e+00
-3.736039472868019629e-01
-4.369778345051738427e-02
-1.124158674454111662e+00
1.478548065179156934e+00
-8.303147759785271809e-02
-8.186314574476760697e-01
-9.725970881531152690e-02
4.936349765771870512e-02
1.662183220430885067e+00
-1.227202608722063104e+00
-2.247681110653386938e+00
6.451328726722214135e-01
-4.369778345051738427e-02
-1.479743159555498178e+00
1.170909433305847180e+00
1.086436799832293465e+00
4.389515721890754341e-01
1.610152460975693645e+00
4.565757767788202748e-01
1.398173630268744194e+00
3.498783423013251959e-01
-2.290511577155370238e-01
-2.326764487082595867e+00
3.606765974008355191e-01
-8.263752869231857923e-02
9.628968202957709499e-01
-1.401155767106327388e-01
-4.531811513784040346e-01
-7.811530349575963594e-01
-4.369778345051738427e-02
5.051997120996596369e-01
-6.023413265051564824e-01
-3.060464111797794318e-01
2.141029663049103693e+00
-1.733513873062552946e-01
2.901073023959688246e-02
5.002555562189636706e-01
4.232301835517287003e-01
-9.055924551395133637e-01
-1.639522579475146902e+00
6.882986523373850751e-01
1.049304310387881412e+00
9.855218808734802494e-01
5.516128204450900796e-01
7.156637884175308661e-01
-3.270919817518425088e-02
3.130208583535706302e-01
5.552432012102956893e-01
1.726459394629727973e+00
-6.656844209320301742e-01
-5.407902062521657838e-01
2.929611615021807114e-02
9.855218808734802494e-01
1.092477344980688825e+00
5.110401726316069482e-01
1.331118129046285348e-01
7.295082047987021534e-01
1.203662280782306082e+00
-4.666190920744377885e-02
-5.098430276226223468e-01
1.655818219951886050e+00
1.660099721636727699e+00
1.580172709706084144e-01
-8.736461592962127543e-02
2.880524596667445314e-01
-6.167035031074333817e-01
3.322315997283136757e-01
-1.257443927709729348e-01
5.364876339829555141e-01
2.645451510896019709e-01
-8.736461592962127543e-02
4.232301835517287003e-01
-1.031567857497106777e+00
-1.196198090327095231e+00
2.366451326057808224e-01
5.030730219801610170e-01
1.211680829417826288e+00
-1.257443927709729348e-01
2.330683193000537487e-02
1.452032225285271094e+00
-4.819443761100592472e-01
7.430636872730271847e-01
1.029148043822275538e+00
-9.536444665330562342e-01
-9.116493709575762550e-01
-3.835541256616865069e-01
1.054397633764666775e+00
-1.231790320317972753e+00
-9.976092427109213290e-01
1.701349174368144812e+00
4.927385607491540642e-01
-9.976092427109213290e-01
-8.507842859527531276e-02
-1.010166992515646178e-01
1.309281308730928517e+00
-2.575168374609259736e+00
8.322778546519884468e-01
2.047591603218539724e+00
-6.985024494085591007e-01
-2.012551230504265876e-01
-4.347964314038117450e-01
2.969969018071772493e-01
1.275737675699860407e+00
1.054397633764666775e+00
-7.263805913902227074e-01
-1.655685252411015773e-01
1.440951307220466271e+00
-3.314485327867142117e-01
7.367248064303844046e-02
-3.579032781182216905e+00
2.373499541994714135e-01
9.217774601868977680e-01
2.536062331985530771e-01
-3.083192371905440488e-01
4.927385607491540642e-01
7.767780946631281935e-01
1.801361646021226726e+00
-2.775957409524891784e-01
-3.083192371905440488e-01
2.169991284165877221e-01
-6.012816560454382619e-01
-9.533328706377414141e-01
-1.553539411806542092e-01
1.077885105058000947e+00
1.487674690048604864e+00
-7.910219462391437917e-01
6.206882897446299729e-01
5.511346001736114886e-01
8.294475402925681751e-01
-1.847757744701375993e-01
-8.183539109001386480e-01
9.160684137643380076e-01
-6.220913022681978655e-01
-1.426382068941453030e-01
-2.341936132568246620e+00
2.100236414360610038e+00
-1.194232445231305562e+00
2.725089771562304586e-01
1.213207388679478749e+00
2.152344715312711973e-02
1.362956078254698097e-02
8.404620993203902601e-02
1.524959034316206337e-03
8.064416500866328219e-01
1.698302317327151645e-01
4.673115737077764842e-01
-8.137193132259550044e-02
3.634279894238470199e-01
-2.320010043667518340e-01
8.908584826951754243e-01
1.398173630268744194e+00
1.238921860673269482e+00
-6.117850714264558842e-01
1.093866758247130200e+00
-5.695945980877694659e-01
-1.786288877680215492e+00
-1.207959235392550346e+00
1.046409858984613250e-01
2.095402127218779942e+00
4.565757767788202748e-01
-7.733851455885897286e-01
4.673115737077764842e-01
-2.795853259924348522e-01
1.125275075958810156e+00
-8.263752869231857923e-02
1.203662280782306082e+00
-1.122266783413795599e+00
1.613553059942012480e+00
-2.847267436756870107e-01
-8.989277998441216333e-01
1.343612857231385238e+00
7.639599513939809849e-01
-1.905223323227103194e-01
-9.819245672755511078e-01
6.331380872147696071e-01
-1.890631902031195466e+00
3.807305348223500863e-01
3.072813674106864013e-01
-3.979727399157136913e-01
2.095402127218779942e+00
-6.435852280739819964e-01
1.093866758247130200e+00
2.246047695203075567e-01
1.981496293484372284e+00
8.045421035408174548e-01
1.770801242097674866e+00
-3.138625153995271422e+00
-1.121366913636645535e+00
4.853957470654892692e-01
1.606637309586272711e+00
-1.890110064708953597e-01
9.996539454761704802e-01
1.524959034316206337e-03
3.949207980698146714e-01
-2.247681110653386938e+00
1.882150485926085137e+00
-1.118096101948362175e+00
7.518590927666510826e-01
5.226698286718017838e-01
6.756752110383854593e-01
9.054560808592289067e-01
5.586134535017420744e-01
8.352749050586583124e-01
1.554306569682890382e+00
8.753830104591608929e-01
-5.394531234765175265e-01
-8.093447934601005755e-01
-5.106759600997902160e-01
-4.176643387640190941e-01
1.643035690678186000e+00
4.704693717209406101e-01
9.363061665106180431e-01
-1.562744743996471453e+00
-5.558260887652891613e-01
2.138441892282138213e+00
-4.145770481066246016e-01
-1.749677030336284078e-01
1.913267924756969718e+00
-6.079338863432712792e-01
1.211680829417826288e+00
-3.066969682645724893e-01
-2.311531066810058821e+00
1.482742397102648768e+00
7.829705506124805536e-01
-3.441295545169623660e-01
-1.279320627685982537e-01
1.573549121618204039e+00
1.435895412430619800e+00
5.022319439111116307e-02
-8.183539109001386480e-01
7.394020328903445627e-01
-2.232764993645449891e+00
-9.338311814043952219e-02
1.421589953715912014e+00
-1.165266669249495735e+00
-6.985198868156852203e-01
-1.039952651642554127e+00
-6.567910274588748543e-01
-5.874925996071720391e-01
2.089446491756452584e+00
9.201729727041275675e-01
7.630828013698345291e-01
-1.847757744701375993e-01
3.045647938753562878e-01
5.879529271574824856e-01
-8.858657085925176755e-01
-1.379246471713297728e+00
-3.602207007641711201e-01
-7.733851455885897286e-01
8.237885627686913903e-01
1.913267924756969718e+00
-2.534049484356198367e-01
4.296751727046491109e-02
1.825812096150487146e-02
-2.428677273686064286e-01
5.368825814810099240e-02
-5.467187939127291507e-01
4.069762590120140633e-01
1.462125901562956409e+00
-8.507842859527531276e-02
5.169408184812834817e-01
-2.040424794678570297e+00
-5.900243424075622689e-02
7.534304024038224190e-01
1.310860514889490291e+00
-4.413050288934090570e-01
7.318943422899591988e-01
7.616155892230778157e-01
-1.761926013331660323e+00
5.368825814810099240e-02
1.524959034316206337e-03
7.630828013698345291e-01
7.629214491433551348e-01
-2.311531066810058821e+00
-8.502467427011994872e-01
8.395875969195409905e-01
-3.970590418555235424e-01
-3.270919817518425088e-02
4.893015540604245261e-01
-1.025474654504959560e+00
2.326988130494068996e-01
-2.539840502382805787e-01
9.945071400218090663e-01
3.732756967727881570e-01
-1.878043490510015179e+00
-8.225423116245146327e-01
1.326351897858248363e-01
-1.786288877680215492e+00
-1.786288877680215492e+00
-7.926094794611215910e-01
5.368825814810099240e-02
-7.370248552179006207e-01
-2.847267436756870107e-01
9.301203320240555850e-02
9.048830560650561461e-01
-3.314485327867142117e-01
-8.044638425129848613e-01
-7.121564727527192051e-01
-1.737401754694803069e+00
6.882986523373850751e-01
-4.441037121126503728e-01
1.203662280782306082e+00
6.793797421689402594e-01
3.938168216605006378e-01
1.346851321754532371e+00
-1.733513873062552946e-01
1.073357762567320517e+00
5.552432012102956893e-01
2.246047695203075567e-01
4.389515721890754341e-01
-3.910028538881069049e-01
7.351432203364792750e-01
-6.007118276912284394e-01
-5.887829657764288155e-03
1.104131931868291838e+00
7.425411114305784377e-01
1.770801242097674866e+00
-1.135759189106740896e+00
8.660991746757938925e-01
-4.347964314038117450e-01
-6.079338863432712792e-01
-5.823701718397964466e-01
8.570968227815014551e-01
5.277825233024725504e-01
1.173431761314163602e+00
4.565757767788202748e-01
2.181714585055909428e-01
-1.899982338459660358e-01
-1.034352132945605796e+00
5.226698286718017838e-01
-1.376709755301966265e+00
-4.176643387640190941e-01
-5.256981398912013992e-01
4.162480813222196319e-01
2.095402127218779942e+00
-2.268398319510309680e-01
-3.244486223058164372e-03
-5.189245604391039546e-01
7.830099707561795075e-01
1.401466506611242391e+00
1.419823983000986445e+00
-4.704444070515439447e-01
-8.166798394379380654e-02
1.396354637475972493e-01
1.462125901562956409e+00
1.046912812136279181e+00
1.046409858984613250e-01
-4.347964314038117450e-01
6.045391718707212453e-02
2.550906189889876052e-01
-2.780866729705256182e-02
4.367816212372271911e-01
-2.533744640399847592e-01
1.950052825283103974e+00
-1.172563272470137585e+00
1.882150485926085137e+00
6.612316262273394418e-01
-1.279320627685982537e-01
-7.733851455885897286e-01
-6.137709993332693958e-01
-8.044638425129848613e-01
8.718936340394817242e-01
-4.413050288934090570e-01
4.880495707764869184e-01
-1.207959235392550346e+00
9.602521871911822160e-01
1.213207388679478749e+00
1.325163262763221494e+00
2.326988130494068996e-01
1.657367952652821774e+00
1.331118129046285348e-01
-9.968418142647211821e-01
-5.887829657764288155e-03
-7.086316288066061286e-01
-4.347964314038117450e-01
-7.025908475465445502e-01
-2.115319641816963414e-01
-1.358242994739531140e+00
-1.014760161105682235e+00
1.821320950138515249e+00
-5.570448642787102500e-01
-2.847267436756870107e-01
-1.227202608722063104e+00
-5.643279260907155814e-01
-3.240534524340871192e-01
-4.347964314038117450e-01
-1.393565797051530053e+00
2.189230859244753469e-01
-2.917245062886527074e-01
1.819929181909840099e-01
-2.009341128206524885e-01
-1.253940526842849124e-01
9.305941285183386147e-02
-1.878043490510015179e+00
-4.831606024618378958e-01
-6.007118276912284394e-01
5.551674534670884009e-01
-8.949422398469396578e-01
1.207577646892562528e+00
-1.461120192821450114e-01
5.529535793651851883e-01
7.156637884175308661e-01
3.062629791920916666e-01
-4.456615711890939968e-01
-2.822115105693035475e-01
-1.652404345631443672e+00
1.139941203911753131e+00
4.421055952425257396e-01
9.628968202957709499e-01
-7.879133734342158579e-01
4.704693717209406101e-01
-8.183539109001386480e-01
1.043426445575750039e+00
-7.310608890876462151e-01
8.322778546519884468e-01
-9.270671020876763979e-01
-6.023413265051564824e-01
-3.174512686760535551e-01
1.398173630268744194e+00
-3.789673081526353515e-01
-1.110608976737172071e+00
-2.115319641816963414e-01
2.691246688914147978e+00
-9.055924551395133637e-01
1.370736895643521747e+00
-4.628945003014544035e-01
-1.149003541833246933e+00
-1.320776560335046312e+00
-2.822360094068050440e-01
-2.262283088410026011e+00
9.015237024280389200e-01
-6.132325372092335414e-01
-9.440476256007730438e-01
-3.699691320524272631e-01
-2.491930160305245501e+00
1.701349174368144812e+00
1.191194102729722815e+00
1.173431761314163602e+00
-4.662263106414408220e-01
-1.203386211708203035e+00
-1.124158674454111662e+00
-1.283327433010380325e+00
4.893015540604245261e-01
-1.116119243059802979e-01
2.834968255498830914e-01
3.322315997283136757e-01
2.246047695203075567e-01
4.927385607491540642e-01
5.368825814810099240e-02
4.162480813222196319e-01
-7.416959203615415275e-01
4.296751727046491109e-02
5.594644617945514486e-01
1.701349174368144812e+00
2.388893403881396649e-01
6.742396623569417713e-01
2.374648863286901723e-01
1.504963093831513110e-01
-1.122266783413795599e+00
-1.208106542094355695e-01
7.619839767871454568e-03
-1.884071370107293086e+00
-3.782268591098854049e-01
2.557364182909657030e-02
1.088653711026426718e+00
-6.079338863432712792e-01
9.808762333234209707e-02
2.374648863286901723e-01
6.903469155302812688e-01
1.752010185387012919e+00
1.198665903288110179e+00
-1.231790320317972753e+00
5.912668055689683788e-01
1.331118129046285348e-01
1.198665903288110179e+00
-5.558260887652891613e-01
-1.237389103818109959e+00
1.280754156529290144e-01
-8.044638425129848613e-01
1.286708820974837852e-01
5.242487923261619498e-01
5.051997120996596369e-01
7.457083959014014773e-01
-8.046338175104889023e-01
-4.273146148410077866e-02
1.924090871573483907e+00
4.459118601964434103e-01
1.112906277333675753e+00
1.524959034316206337e-03
-7.121564727527192051e-01
1.088653711026426718e+00
-4.436049722346589730e-02
1.924090871573483907e+00
-6.933328419407240872e-01
-1.665813682353163225e-02
-6.492881168415856052e-01
1.485045130997822760e+00
-8.989277998441216333e-01
4.250967185544168858e-01
-2.581625615148590569e-01
6.362020253304544459e-01
1.419823983000986445e+00
-8.166798394379380654e-02
1.643035690678186000e+00
1.682876746998388517e+00
-2.115319641816963414e-01
-7.879133734342158579e-01
-6.071839128156995002e-01
-3.848431116403769336e-01
-2.428677273686064286e-01
7.829705506124805536e-01
8.395875969195409905e-01
5.661619276242996213e-01
1.863512947944950815e-01
1.396354637475972493e-01
-7.370248552179006207e-01
5.957666838779793750e-01
4.322640860941859842e-01
8.404620993203902601e-02
8.718936340394817242e-01
9.945071400218090663e-01
4.232016892522968976e-01
1.606637309586272711e+00
-1.231790320317972753e+00
-1.127502117067594511e+00
1.211680829417826288e+00
1.043426445575750039e+00
1.360745966036641941e-01
-9.338311814043952219e-02
-8.709660739668839691e-01
2.070194883471900837e-01
2.100894766584342044e+00
-4.973194965007760038e-01
1.770801242097674866e+00
4.785964866763356418e-01
2.189230859244753469e-01
-8.510833587734024652e-01
1.913267924756969718e+00
3.950695355955659016e-01
-1.781352275031741483e-01
1.088653711026426718e+00
-2.491930160305245501e+00
7.378608764104770401e-01
9.589144228431965011e-01
7.425411114305784377e-01
-8.093447934601005755e-01
-4.149339205543356446e-02
2.029753196088658562e+00
7.123430491712716695e-01
-5.174420744693574159e-01
-6.603815546512321610e-01
5.511346001736114886e-01
-1.254405222734809922e+00
3.045647938753562878e-01
-6.603815546512321610e-01
-7.733851455885897286e-01
-1.196198090327095231e+00
2.100894766584342044e+00
-1.114604665368021941e+00
-7.763018050182286522e-01
4.521468203205222802e-01
-2.428677273686064286e-01
-1.196198090327095231e+00
1.112906277333675753e+00
8.045421035408174548e-01
2.690791021008397399e-01
1.035106042351572109e+00
-9.851175111713516008e-01
1.895362393457465044e+00
1.512815248561180992e+00
8.322778546519884468e-01
-6.137709993332693958e-01
2.152066595017100514e+00
-1.541230449921941921e-02
-6.007118276912284394e-01
-5.463244766294300669e-01
-8.969844584169550661e-01
8.624073884905214538e-02
1.398173630268744194e+00
1.968533673645728732e-01
5.277825233024725504e-01
1.398362278596361301e-02
-3.539880383934991270e-01
2.397263367097580034e+00
1.203662280782306082e+00
-7.185648909566927367e-01
1.606637309586272711e+00
-9.851175111713516008e-01
-6.222420291945890414e-01
-3.270919817518425088e-02
-2.879343403365589027e-01
1.126584853717759405e+00
-7.763018050182286522e-01
7.534304024038224190e-01
-6.424876475201101167e-01
5.467175473663256069e-01
1.924090871573483907e+00
1.046424714104928322e+00
4.232301835517287003e-01
-7.025908475465445502e-01
-3.602207007641711201e-01
1.703697178013754698e-01
-1.230787052950651494e+00
-2.191495740337288112e+00
-1.251721834041365167e+00
-1.506812234855279486e+00
1.929464046440529101e-01
-7.390679429886146123e-02
-5.277218834436789852e-01
-6.207994304117675499e-01
6.358357045587647027e-01
-4.436049722346589730e-02
-7.370248552179006207e-01
-2.320010043667518340e-01
-9.536444665330562342e-01
9.134923241554809836e-01
-7.390679429886146123e-02
-1.118096101948362175e+00
5.516128204450900796e-01
-9.322890567183621524e-01
-3.602207007641711201e-01
1.356057496644871678e-02
8.306364060907334146e-01
1.895362393457465044e+00
-9.270671020876763979e-01
-5.193174359901141512e-01
-2.540152442051553550e+00
1.046912812136279181e+00
-6.117850714264558842e-01
7.474628333467091545e-01
-2.917245062886527074e-01
1.198665903288110179e+00
-1.255877047673975344e+00
-1.847757744701375993e-01
1.440951307220466271e+00
-9.373250274437217033e-01
1.398362278596361301e-02
-5.282477263748495133e-01
4.785964866763356418e-01
6.736299646319433565e-01
3.248292166286412264e-01
-1.430003963562715752e+00
-2.847267436756870107e-01
-1.124264432774689793e-01
2.691246688914147978e+00
1.133072517047832628e+00
-8.969844584169550661e-01
1.191194102729722815e+00
6.362020253304544459e-01
5.364876339829555141e-01
-5.173630729000258111e-01
-3.441295545169623660e-01
1.611477028752073881e+00
-3.170170121968773347e-01
3.414741231024156498e-01
1.112906277333675753e+00
-7.763018050182286522e-01
5.529535793651851883e-01
1.405562459649614127e+00
1.191194102729722815e+00
-6.197762386793528311e-01
8.956531482421252743e-01
6.206882897446299729e-01
-1.009554309178577247e+00
-9.976092427109213290e-01
8.395875969195409905e-01
-1.823172049954182861e-01
-6.492881168415856052e-01
2.294938070053705870e-01
1.191194102729722815e+00
-1.401155767106327388e-01
-4.389925510292544408e-01
7.815068179821905714e-01
-4.539672046419439277e-02
9.808762333234209707e-02
-9.676782765326276403e-02
-1.148027568882024285e+00
-6.985198868156852203e-01
-1.926005469873690590e+00
-7.702949330298807240e-01
-5.887829657764288155e-03
1.401466506611242391e+00
4.785964866763356418e-01
-5.394531234765175265e-01
4.141501017190045708e-01
-9.338311814043952219e-02
7.830099707561795075e-01
1.046409858984613250e-01
1.333588892298988693e+00
-1.203386211708203035e+00
-7.556809758997658222e-02
-9.514881652576099302e-01
-1.279320627685982537e-01
-1.851580628759850189e+00
-9.533328706377414141e-01
1.913267924756969718e+00
-1.895370498951932936e-01
1.108286352232807082e-01
-8.258233632321297923e-01
-1.077862628834055231e-01
-5.148494670546709395e-01
-1.124264432774689793e-01
1.001532209262736117e+00
-2.879343403365589027e-01
7.474628333467091545e-01
3.062629791920916666e-01
1.176874891380507826e+00
4.069762590120140633e-01
2.100236414360610038e+00
-1.028012433322830876e+00
-5.106759600997902160e-01
1.924090871573483907e+00
1.512033488620486921e+00
1.275737675699860407e+00
8.570968227815014551e-01
-5.570448642787102500e-01
1.920618574172152648e-01
9.048830560650561461e-01
-1.890110064708953597e-01
7.324886775227816837e-01
-1.220192763317260676e+00
1.975702481283983514e-01
-7.310608890876462151e-01
1.606637309586272711e+00
8.624073884905214538e-02
-5.375680327441476614e-01
4.691722512106136223e-01
-5.268312807063950665e-01
-5.193174359901141512e-01
