-2.012551230504265876e-01
-3.784704523846463275e-01
1.246547063429276569e+00
1.770801242097674866e+00
-1.851580628759850189e+00
-2.311531066810058821e+00
-9.007653678840927824e-01
-1.113975228949998897e+00
-1.336435578901972177e-01
-1.430003963562715752e+00
-3.970590418555235424e-01
1.225758974045508598e+00
-2.311531066810058821e+00
2.152066595017100514e+00
1.875338965632303845e-01
-5.823701718397964466e-01
1.910920347640593375e+00
5.502550534366634771e-01
-2.404309738152567155e-02
-1.044072450075578251e+00
-9.514881652576099302e-01
-1.259929337631306101e+00
1.246711477304058624e+00
5.202841238403089347e-02
1.401330833759451222e+00
-1.504953598702998718e+00
2.189230859244753469e-01
3.958676739248336851e-01
-3.426940823721263962e-01
-5.823701718397964466e-01
9.996539454761704802e-01
-3.801084569446356864e-01
-2.341936132568246620e+00
-6.032194817994879221e-01
-1.702179315002737281e-01
-8.989277998441216333e-01
1.801361646021226726e+00
6.331380872147696071e-01
1.925668338321226525e+00
-3.937833962135997568e-01
1.086436799832293465e+00
-1.121366913636645535e+00
1.476222262970573240e+00
-2.760609064457844930e+00
1.164472601042571220e+00
-1.884071370107293086e+00
-1.652404345631443672e+00
9.598300587306493950e-03
7.954524639245337259e-01
1.219075198053208298e-01
-7.502927862808222992e-01
-1.823172049954182861e-01
-8.652932720634878283e-01
1.401330833759451222e+00
-1.475285576234634632e+00
5.245143029890410036e-01
1.611477028752073881e+00
-2.262283088410026011e+00
5.515734251374098118e-01
6.914048705088210456e-01
4.801880799336497030e-01
-1.354963280379983370e+00
-1.159482512094179185e+00
3.127235626767307930e-01
-1.504953598702998718e+00
-1.502808181007285970e+00
-2.012553540205908931e+00
4.069762590120140633e-01
6.435637306027324200e-01
2.485977240373038466e+00
3.059893721178657544e-01
-4.539672046419439277e-02
-1.413363584334949907e+00
-1.895370498951932936e-01
1.016141337476905271e+00
-5.067864614837301884e-01
9.907236458823676095e-01
-3.314485327867142117e-01
-1.121366913636645535e+00
-6.238486882275926515e-01
1.825812096150487146e-02
-1.077414034996529435e-01
1.331118129046285348e-01
1.925668338321226525e+00
1.343612857231385238e+00
2.929611615021807114e-02
-1.118096101948362175e+00
8.237885627686913903e-01
4.909504530315972337e-01
1.925668338321226525e+00
9.861456215367947475e-01
-3.761499492388186150e-01
2.536062331985530771e-01
-5.098430276226223468e-01
3.059893721178657544e-01
-3.083192371905440488e-01
5.242487923261619498e-01
4.367816212372271911e-01
-1.277387934438855677e+00
1.580855278743236170e+00
1.326351897858248363e-01
-5.643279260907155814e-01
-1.541230449921941921e-02
2.485977240373038466e+00
2.968576866510115875e-01
-3.859358644983323927e-02
-2.262283088410026011e+00
-4.510061247458374556e-01
9.048830560650561461e-01
4.367816212372271911e-01
2.047591603218539724e+00
2.100894766584342044e+00
7.123430491712716695e-01
-2.575168374609259736e+00
2.485977240373038466e+00
-2.522637325484211601e-01
1.625160265103237078e+00
-8.258233632321297923e-01
2.141029663049103693e+00
-8.771320573614393989e-01
-6.567910274588748543e-01
-5.667909500176564475e-01
5.002555562189636706e-01
-8.093447934601005755e-01
5.889137052202984002e-01
7.629214491433551348e-01
1.585934456362325939e-01
1.088653711026426718e+00
-1.283327433010380325e+00
-3.603326492712111140e+00
-1.427873097376285649e+00
-8.858657085925176755e-01
9.472571276493086945e-01
-1.144681473983753861e+00
9.054560808592289067e-01
-3.257343470374270966e-01
-5.667909500176564475e-01
1.512033488620486921e+00
-6.117850714264558842e-01
4.909504530315972337e-01
1.296839879633914228e+00
9.048830560650561461e-01
1.046424714104928322e+00
-1.196198090327095231e+00
1.031044785352892124e+00
-1.237389103818109959e+00
5.661619276242996213e-01
3.938168216605006378e-01
1.525045840765192062e-01
4.642776778662887627e-01
1.611477028752073881e+00
-4.510061247458374556e-01
-5.815601566443208137e-01
-6.388963974676866719e-01
1.718411836668773673e-01
5.389144836825052742e-01
4.398845604729587078e-01
4.544995053520028416e-01
-9.533328706377414141e-01
1.741677485244206069e+00
9.996539454761704802e-01
5.511346001736114886e-01
2.373499541994714135e-01
-5.467187939127291507e-01
4.704693717209406101e-01
7.830099707561795075e-01
-7.263805913902227074e-01
4.367816212372271911e-01
7.815068179821905714e-01
-4.662263106414408220e-01
3.950695355955659016e-01
-3.602207007641711201e-01
1.182448886324059423e+00
-2.629262638259552975e-01
9.861456215367947475e-01
-1.144681473983753861e+00
8.564288841671491292e-01
-6.494482481309865607e-01
1.682876746998388517e+00
-2.775957409524891784e-01
-1.077862628834055231e-01
-1.194232445231305562e+00
1.450667563884040501e+00
4.398845604729587078e-01
1.238921860673269482e+00
1.874422623001877897e-01
-2.581625615148590569e-01
-1.239739351736162953e-01
-1.813126369240233154e-02
2.169991284165877221e-01
-4.176643387640190941e-01
-1.251721834041365167e+00
-1.615309349211710988e-01
-6.939981655697363694e-01
-1.230787052950651494e+00
7.829705506124805536e-01
-8.484800081705690111e-02
1.125430130948046337e-01
9.719725863371903030e-01
1.029876832132764708e+00
-3.579032781182216905e+00
-1.823172049954182861e-01
-6.494482481309865607e-01
1.133072517047832628e+00
1.046424714104928322e+00
-3.859358644983323927e-02
6.451328726722214135e-01
1.104920746592167324e+00
1.440951307220466271e+00
4.322640860941859842e-01
-1.504953598702998718e+00
-1.273815759715566376e+00
5.516128204450900796e-01
-7.092482333164796815e-01
-1.253940526842849124e-01
-7.347653912693890010e-01
-4.413050288934090570e-01
-1.913411692847588830e+00
7.425411114305784377e-01
-1.475285576234634632e+00
1.401466506611242391e+00
-3.910028538881069049e-01
1.218761570335887834e-01
1.309281308730928517e+00
6.030528442194572625e-01
1.225758974045508598e+00
2.731308310722073696e-01
-1.781050439668024010e+00
-1.457183993652501286e+00
1.173431761314163602e+00
-6.238486882275926515e-01
2.019900701658848552e-01
6.665090309346409780e-01
-5.811705888335908510e-01
2.246047695203075567e-01
-3.244486223058164372e-03
1.029148043822275538e+00
8.358912266293166970e-01
1.213207388679478749e+00
-1.749677030336284078e-01
1.535166808951986539e+00
-2.734927418831564760e-01
1.832144683127830964e+00
-4.704444070515439447e-01
-6.197762386793528311e-01
-5.098430276226223468e-01
-8.502467427011994872e-01
4.673115737077764842e-01
2.326988130494068996e-01
2.056054701861893541e+00
1.611477028752073881e+00
-1.715554785160731122e+00
-7.797423011815413085e-01
1.512815248561180992e+00
-3.789673081526353515e-01
6.071203851933582030e-01
1.452511830570804907e+00
1.086436799832293465e+00
-1.665813682353163225e-02
-5.363684671358677214e-01
1.133072517047832628e+00
-4.145770481066246016e-01
1.625160265103237078e+00
-9.140082323755110982e-01
1.275737675699860407e+00
-2.247681110653386938e+00
-3.970590418555235424e-01
6.742396623569417713e-01
-8.669013752099217207e-01
1.136324359442426601e-01
-8.261926764951934565e-01
-6.197762386793528311e-01
1.450667563884040501e+00
1.742858700605932620e-01
6.652746881941374868e-01
3.568387553142058355e-01
6.756752110383854593e-01
1.211680829417826288e+00
3.305810377225157026e+00
-1.121366913636645535e+00
9.945995684827640959e-01
1.326351897858248363e-01
8.352749050586583124e-01
2.326988130494068996e-01
-1.556034163393436920e+00
1.640290679991956990e+00
-1.279320627685982537e-01
2.632419187533356908e+00
4.853957470654892692e-01
1.225750251504425625e+00
-5.067864614837301884e-01
-4.831606024618378958e-01
-6.071839128156995002e-01
4.691722512106136223e-01
6.262224303350543142e-01
1.325163262763221494e+00
-9.394469360478448217e-02
1.718411836668773673e-01
-3.270919817518425088e-02
-1.556034163393436920e+00
-6.567910274588748543e-01
-1.567022951133230313e+00
1.325163262763221494e+00
1.832144683127830964e+00
1.968533673645728732e-01
5.867970737219878608e-01
-7.505956466065489829e-01
-5.193174359901141512e-01
1.207577646892562528e+00
7.518590927666510826e-01
-5.558260887652891613e-01
8.212740432834807480e-01
-1.567022951133230313e+00
-1.851580628759850189e+00
-5.268312807063950665e-01
8.956531482421252743e-01
2.029753196088658562e+00
-1.851580628759850189e+00
6.742396623569417713e-01
-1.541075446049271491e-01
-1.014760161105682235e+00
2.780299635131162073e-01
1.405562459649614127e+00
3.634279894238470199e-01
1.281877237933967795e+00
-5.129470209445178286e-01
5.515734251374098118e-01
-3.859358644983323927e-02
1.611477028752073881e+00
-1.039952651642554127e+00
4.093276009979517349e-01
-5.823701718397964466e-01
-1.203386211708203035e+00
4.954283588613490608e-01
-1.401155767106327388e-01
-3.025969694817322586e-01
1.890660591960686976e-01
1.400961481807245779e+00
1.831125729725419315e+00
1.092846416095531570e+00
-1.110608976737172071e+00
-4.628945003014544035e-01
1.770801242097674866e+00
7.367248064303844046e-02
1.296839879633914228e+00
-3.801084569446356864e-01
1.662183220430885067e+00
-7.199700375487937121e-02
1.114228940119136535e+00
-2.256346512247069835e+00
1.913267924756969718e+00
2.047591603218539724e+00
1.310860514889490291e+00
1.031044785352892124e+00
-6.032194817994879221e-01
-1.009554309178577247e+00
-9.817898002552104542e-01
-1.183731503507037264e+00
1.207577646892562528e+00
-1.044072450075578251e+00
5.245143029890410036e-01
-6.023413265051564824e-01
6.451328726722214135e-01
1.281877237933967795e+00
-1.336435578901972177e-01
-8.183539109001386480e-01
5.511346001736114886e-01
6.358357045587647027e-01
-2.009341128206524885e-01
5.226698286718017838e-01
1.326351897858248363e-01
3.523598407405822419e-01
-9.491936026236974522e-01
7.951700170400206602e-01
6.150028407832206501e-01
1.093085747125898344e+00
-2.274567790686446156e-01
7.951700170400206602e-01
1.968533673645728732e-01
-9.923366782765318250e-01
4.232016892522968976e-01
-6.012816560454382619e-01
4.936349765771870512e-02
7.394020328903445627e-01
8.718936340394817242e-01
1.545864620167149983e+00
8.570968227815014551e-01
-4.814244597913992507e-01
-1.508930020479481993e+00
-1.786288877680215492e+00
-8.098721596565938707e-01
1.655818219951886050e+00
5.202841238403089347e-02
-3.859358644983323927e-02
9.489429378468042242e-02
-1.014742706699742314e+00
1.524959034316206337e-03
-9.725970881531152690e-02
5.277825233024725504e-01
2.969969018071772493e-01
-1.733513873062552946e-01
1.480779941214997564e+00
-8.758974979542143158e-02
-5.129470209445178286e-01
5.277825233024725504e-01
1.029148043822275538e+00
-2.232764993645449891e+00
3.521710791308427235e-01
-1.159482512094179185e+00
1.818266978082121232e+00
2.801079002024148945e+00
-5.572731184610433264e-01
1.920618574172152648e-01
-5.911741569627351062e-02
-1.763652462289996559e-01
-6.236946567179223466e-01
-1.009554309178577247e+00
9.043124199995234980e-01
4.544995053520028416e-01
-5.395157920969315818e-02
9.945995684827640959e-01
4.409753324166681976e-01
-2.822115105693035475e-01
8.395875969195409905e-01
6.431940470615872263e-01
-4.441037121126503728e-01
-4.539672046419439277e-02
3.958676739248336851e-01
-5.463244766294300669e-01
1.801361646021226726e+00
-1.417443018597868698e-01
-1.783083936682715032e-01
9.907236458823676095e-01
2.181714585055909428e-01
-6.236946567179223466e-01
-2.169969255043517620e-01
5.160609082472589204e-01
1.504963093831513110e-01
8.294475402925681751e-01
6.362020253304544459e-01
-1.783083936682715032e-01
9.808762333234209707e-02
-1.358242994739531140e+00
8.294475402925681751e-01
1.512815248561180992e+00
-3.257343470374270966e-01
9.553077339170217286e-01
1.450667563884040501e+00
2.056054701861893541e+00
1.333903299835745626e+00
5.879529271574824856e-01
1.173431761314163602e+00
-6.112723909219606178e-01
-3.784704523846463275e-01
-5.667909500176564475e-01
-1.379246471713297728e+00
6.262224303350543142e-01
4.232301835517287003e-01
-3.603326492712111140e+00
2.536062331985530771e-01
-1.737401754694803069e+00
-1.135759189106740896e+00
5.245143029890410036e-01
4.521468203205222802e-01
-2.282062674820172887e+00
5.515734251374098118e-01
-8.858657085925176755e-01
-5.189245604391039546e-01
-8.771320573614393989e-01
8.359592378976002380e-02
-2.629262638259552975e-01
9.363061665106180431e-01
5.889137052202984002e-01
1.524959034316206337e-03
2.366451326057808224e-01
-4.692887432978418150e-01
-8.316694237612459739e-01
6.612316262273394418e-01
-2.169969255043517620e-01
-1.028012433322830876e+00
-1.084963027439096672e+00
-1.665813682353163225e-02
-5.122539895029551982e-01
-4.666190920744377885e-02
-9.923366782765318250e-01
1.819929181909840099e-01
1.248837293653948688e+00
-3.083192371905440488e-01
9.589144228431965011e-01
3.217572444226148021e-02
-2.012553540205908931e+00
-1.283452302883484553e+00
-1.139794991636251087e+00
-3.848431116403769336e-01
7.999309020977027895e-01
-8.215763787350605085e-01
1.164235632585850722e+00
4.909504530315972337e-01
-8.388833579118687434e-01
-1.878043490510015179e+00
1.735982039759724760e+00
1.119763589752273136e-01
6.876369454004076232e-02
5.632245375788715869e-01
-1.320776560335046312e+00
7.954524639245337259e-01
7.815068179821905714e-01
1.657367952652821774e+00
1.398348064284127279e-01
-6.656844209320301742e-01
1.225758974045508598e+00
1.073357762567320517e+00
1.520850465684376041e-01
-9.976092427109213290e-01
-1.670009471587028949e-01
1.133072517047832628e+00
-2.795853259924348522e-01
3.248292166286412264e-01
8.064416500866328219e-01
9.160684137643380076e-01
3.958676739248336851e-01
2.373499541994714135e-01
-1.676236622988299674e-01
-1.194232445231305562e+00
-1.128605427600698485e+00
5.637724486744283281e-01
-1.172265226167112095e-01
-6.337534485903844050e-01
-8.989277998441216333e-01
-2.140121442076159397e-02
1.310860514889490291e+00
-1.508930020479481993e+00
-1.541075446049271491e-01
-1.358477011272519741e+00
9.489429378468042242e-02
-7.390679429886146123e-02
7.851783611293534221e-03
-1.676236622988299674e-01
4.250967185544168858e-01
1.073357762567320517e+00
3.498783423013251959e-01
1.682876746998388517e+00
-1.139794991636251087e+00
-1.899982338459660358e-01
6.742396623569417713e-01
-5.174420744693574159e-01
1.554306569682890382e+00
3.130208583535706302e-01
5.957666838779793750e-01
7.619839767871454568e-03
-2.540152442051553550e+00
-6.424876475201101167e-01
-1.506812234855279486e+00
-3.004060611645488210e-01
-8.042378430600306549e-01
-3.060464111797794318e-01
-2.978847803831326524e-01
-1.361745108678121596e+00
4.801880799336497030e-01
-1.096683226949613177e+00
-1.090471185128005338e+00
-7.092482333164796815e-01
9.305941285183386147e-02
8.359592378976002380e-02
7.829705506124805536e-01
8.433423313238598285e-01
-5.189245604391039546e-01
-1.275873334640307277e-01
-2.282062674820172887e+00
-1.702179315002737281e-01
-4.797813755995295470e-01
6.064943489226182205e-01
-5.971675819098856142e-01
-6.032194817994879221e-01
5.301958409276815581e-02
1.925668338321226525e+00
1.130459734138969052e+00
1.211680829417826288e+00
9.305941285183386147e-02
-8.134339252188218516e-01
1.552207775915275811e-01
9.134923241554809836e-01
-4.797813755995295470e-01
6.736299646319433565e-01
-1.118096101948362175e+00
-1.665813682353163225e-02
-5.695945980877694659e-01
-2.311531066810058821e+00
-1.230787052950651494e+00
9.996539454761704802e-01
-6.337534485903844050e-01
4.322640860941859842e-01
-1.251721834041365167e+00
-1.273815759715566376e+00
-1.884071370107293086e+00
9.628968202957709499e-01
4.544995053520028416e-01
7.324886775227816837e-01
1.029876832132764708e+00
-1.259929337631306101e+00
-9.665331158049350613e-01
-9.270671020876763979e-01
-5.395157920969315818e-02
7.779281125524766249e-01
-3.004060611645488210e-01
2.016066999451736619e-01
-2.169969255043517620e-01
-6.667234501804276681e-01
-2.575168374609259736e+00
2.176032106402520760e+00
-6.933328419407240872e-01
2.030265603263591290e-01
-1.435855937836710616e+00
-7.327335908764066597e-01
-1.749677030336284078e-01
5.110401726316069482e-01
-5.375680327441476614e-01
-1.118315172530367274e+00
-2.539840502382805787e-01
7.647719857582607750e-01
-1.562744743996471453e+00
1.629990852448027772e-01
1.545864620167149983e+00
8.404620993203902601e-02
-1.890110064708953597e-01
1.356057496644871678e-02
-3.244486223058164372e-03
1.139941203911753131e+00
2.690791021008397399e-01
1.054397633764666775e+00
-5.173630729000258111e-01
4.739776159948018153e-01
2.237265307290407179e+00
-1.508930020479481993e+00
6.151412514633048945e-01
1.370736895643521747e+00
-1.255877047673975344e+00
8.956531482421252743e-01
-5.558260887652891613e-01
1.910920347640593375e+00
1.001532209262736117e+00
-3.795869155235553349e-01
1.326351897858248363e-01
1.116618990634067332e+00
-7.456965602642312563e-02
-6.603815546512321610e-01
-1.652404345631443672e+00
-4.389925510292544408e-01
1.108286352232807082e-01
2.725089771562304586e-01
-9.665331158049350613e-01
1.431568428801495374e+00
-2.917245062886527074e-01
1.968533673645728732e-01
-1.541075446049271491e-01
-1.301185213695451592e-01
6.451328726722214135e-01
-1.426382068941453030e-01
1.401330833759451222e+00
1.561915291198094288e-02
6.064943489226182205e-01
9.305941285183386147e-02
-5.067864614837301884e-01
-6.132325372092335414e-01
-1.014760161105682235e+00
-1.641153488178419106e+00
-2.917245062886527074e-01
-3.426940823721263962e-01
8.583304590511107168e-01
-3.384374935468472678e-01
7.851783611293534221e-03
-6.567910274588748543e-01
-6.667234501804276681e-01
2.645451510896019709e-01
6.742396623569417713e-01
-1.371800612679572096e+00
1.127483657933938233e+00
-2.629262638259552975e-01
-1.652404345631443672e+00
1.104920746592167324e+00
1.003193561785716559e-01
-3.138625153995271422e+00
1.703697178013754698e-01
-4.436049722346589730e-02
2.645451510896019709e-01
-5.883729626365339360e-01
-1.435855937836710616e+00
9.217774601868977680e-01
-2.428677273686064286e-01
-1.239739351736162953e-01
7.295082047987021534e-01
-7.014460607024957106e-01
4.389515721890754341e-01
-1.905223323227103194e-01
7.537931257402263885e-01
-9.851175111713516008e-01
-1.251721834041365167e+00
8.472548955549872307e-01
-1.320776560335046312e+00
1.077885105058000947e+00
-5.103205546176896590e-01
1.395355759732331613e+00
2.780299635131162073e-01
1.490889779889571221e-01
-2.256346512247069835e+00
8.568372352488589083e-01
5.226698286718017838e-01
-1.556034163393436920e+00
5.026742047241034017e-01
-5.911741569627351062e-02
4.785964866763356418e-01
-7.347653912693890010e-01
1.925668338321226525e+00
-9.533328706377414141e-01
-6.492881168415856052e-01
-6.112723909219606178e-01
-1.149003541833246933e+00
6.435637306027324200e-01
-8.166798394379380654e-02
8.265594189613323373e-01
5.879529271574824856e-01
1.929464046440529101e-01
-8.989277998441216333e-01
1.280570694933813591e-01
5.738460274721771670e-01
-6.207994304117675499e-01
-2.404309738152567155e-02
-5.394531234765175265e-01
5.368825814810099240e-02
8.294475402925681751e-01
-1.375282385703737731e-01
1.136324359442426601e-01
-6.190379994273121911e-01
3.881000476097485885e-01
-2.290511577155370238e-01
3.881000476097485885e-01
7.147663896727131094e-01
2.901073023959688246e-02
6.903469155302812688e-01
-8.388833579118687434e-01
-8.855935409926611879e-01
-5.887829657764288155e-03
-5.193174359901141512e-01
8.473149036164295822e-01
-8.215763787350605085e-01
1.230156105450237680e+00
-1.781352275031741483e-01
-5.573011812782833196e-01
1.477375133406547469e+00
2.557364182909657030e-02
-2.282062674820172887e+00
-1.371800612679572096e+00
1.191194102729722815e+00
-8.989277998441216333e-01
-8.556519111158840118e-01
1.890660591960686976e-01
-3.789673081526353515e-01
4.367816212372271911e-01
7.696777837744468442e-01
4.642776778662887627e-01
3.873683635186306318e-01
9.363061665106180431e-01
-8.316694237612459739e-01
-5.173630729000258111e-01
-5.572731184610433264e-01
-2.760609064457844930e+00
-2.232764993645449891e+00
-5.189245604391039546e-01
1.343612857231385238e+00
1.325163262763221494e+00
-7.879133734342158579e-01
4.739776159948018153e-01
2.100894766584342044e+00
-5.971675819098856142e-01
1.478548065179156934e+00
1.554306569682890382e+00
-1.251721834041365167e+00
6.586346942243046509e-01
-7.014460607024957106e-01
-8.316694237612459739e-01
-1.417443018597868698e-01
3.543013733069247939e-01
-1.890631902031195466e+00
-9.152932853344770692e-01
1.176874891380507826e+00
-1.475285576234634632e+00
-2.743332942908717209e-01
-1.375282385703737731e-01
1.819929181909840099e-01
-6.238486882275926515e-01
-3.379003577376010203e-01
5.511346001736114886e-01
-1.913411692847588830e+00
2.366451326057808224e-01
-1.291306442422929024e+00
8.322778546519884468e-01
-1.823172049954182861e-01
7.430636872730271847e-01
1.419823983000986445e+00
-1.038269476543764558e+00
-5.965904725865991409e-01
-9.968418142647211821e-01
1.529702605306126895e+00
-2.101199605756168265e-01
-2.539840502382805787e-01
4.801880799336497030e-01
2.138441892282138213e+00
7.857331337961265261e-01
6.358357045587647027e-01
1.077885105058000947e+00
-1.441414205146371641e+00
1.487674690048604864e+00
1.203662280782306082e+00
6.358357045587647027e-01
7.457083959014014773e-01
1.108861891427329605e+00
-1.479743159555498178e+00
6.652746881941374868e-01
3.958676739248336851e-01
-1.813126369240233154e-02
-3.761499492388186150e-01
2.780299635131162073e-01
4.409753324166681976e-01
-3.121838527750614212e+00
-1.230787052950651494e+00
2.169991284165877221e-01
1.119763589752273136e-01
6.882986523373850751e-01
5.368825814810099240e-02
-6.939981655697363694e-01
7.416414441693307547e-01
-9.143290295136269341e-01
5.110401726316069482e-01
5.026742047241034017e-01
-3.626188189494504444e-02
8.753830104591608929e-01
-2.747107057055206969e+00
2.968576866510115875e-01
2.100894766584342044e+00
-4.692887432978418150e-01
1.039532625768026852e+00
5.242487923261619498e-01
5.368825814810099240e-02
-5.129470209445178286e-01
-1.135759189106740896e+00
7.993601075089779018e-01
-5.883729626365339360e-01
8.587216861991803230e-01
1.396354637475972493e-01
1.643035690678186000e+00
-2.115319641816963414e-01
-5.971675819098856142e-01
-1.541230449921941921e-02
1.246385900118914591e+00
-8.276914180781465014e-01
-9.976092427109213290e-01
1.903205230098645728e+00
-1.847757744701375993e-01
-5.007372889245906844e-01
7.295082047987021534e-01
-4.978095689127307044e-01
-8.263752869231857923e-02
-2.232764993645449891e+00
-8.556519111158840118e-01
1.832144683127830964e+00
6.064943489226182205e-01
4.398845604729587078e-01
-7.011023759159412672e-02
-3.784704523846463275e-01
1.833229865743436715e+00
-8.855935409926611879e-01
4.389515721890754341e-01
-3.083192371905440488e-01
-1.492849659394878348e+00
-6.132325372092335414e-01
4.367816212372271911e-01
3.196750090082973728e-01
-7.502927862808222992e-01
-2.932274588353203648e-01
-3.244486223058164372e-03
1.860116542437633580e+00
8.583304590511107168e-01
-1.427873097376285649e+00
-3.566348217420819422e-01
2.690791021008397399e-01
1.742858700605932620e-01
9.305941285183386147e-02
2.801079002024148945e+00
-1.358242994739531140e+00
-3.979727399157136913e-01
8.564288841671491292e-01
1.016141337476905271e+00
9.201729727041275675e-01
-9.116493709575762550e-01
-2.311531066810058821e+00
1.029148043822275538e+00
-3.025969694817322586e-01
-5.189245604391039546e-01
3.521710791308427235e-01
5.425445051342261404e-01
8.359592378976002380e-02
-5.173630729000258111e-01
5.667580028588321550e-01
1.625160265103237078e+00
-1.847757744701375993e-01
1.882150485926085137e+00
-2.190607779395458143e-01
1.281877237933967795e+00
-8.042378430600306549e-01
5.368825814810099240e-02
-1.239739351736162953e-01
1.525045840765192062e-01
1.487674690048604864e+00
7.630828013698345291e-01
3.767537781049693502e-01
-7.879133734342158579e-01
3.248292166286412264e-01
8.570968227815014551e-01
7.696777837744468442e-01
-3.566348217420819422e-01
1.831125729725419315e+00
-1.148027568882024285e+00
-1.283327433010380325e+00
-1.652404345631443672e+00
-2.734927418831564760e-01
1.125275075958810156e+00
9.812617961372513964e-01
7.647719857582607750e-01
1.550304613220895300e-01
1.482742397102648768e+00
-9.851175111713516008e-01
2.070194883471900837e-01
8.660991746757938925e-01
-5.808903252758483848e-01
7.767780946631281935e-01
1.047267678754656428e+00
1.136324359442426601e-01
7.612431430465221860e-01
-8.709660739668839691e-01
3.127235626767307930e-01
3.497550505553173039e-01
6.262224303350543142e-01
-4.531811513784040346e-01
9.907236458823676095e-01
7.295082047987021534e-01
-2.326764487082595867e+00
6.914048705088210456e-01
-5.148494670546709395e-01
-5.098430276226223468e-01
-8.215763787350605085e-01
-1.813126369240233154e-02
-1.315994737840914031e+00
1.537881071632725583e+00
-1.291306442422929024e+00
1.431568428801495374e+00
1.588228491653126406e+00
2.969969018071772493e-01
2.152066595017100514e+00
-4.456615711890939968e-01
1.093866758247130200e+00
7.993601075089779018e-01
7.612431430465221860e-01
4.739776159948018153e-01
4.801880799336497030e-01
1.477375133406547469e+00
-4.978095689127307044e-01
2.152066595017100514e+00
1.104920746592167324e+00
4.909504530315972337e-01
1.890660591960686976e-01
8.583304590511107168e-01
-7.370248552179006207e-01
1.092477344980688825e+00
-2.169969255043517620e-01
1.550304613220895300e-01
-1.320776560335046312e+00
4.521468203205222802e-01
7.681290149702352243e-02
-2.822115105693035475e-01
-5.911741569627351062e-02
-3.004060611645488210e-01
1.512815248561180992e+00
5.245143029890410036e-01
-6.424876475201101167e-01
9.602521871911822160e-01
4.801880799336497030e-01
-4.145770481066246016e-01
-8.042378430600306549e-01
1.818266978082121232e+00
-9.338311814043952219e-02
5.385129509044845886e-01
3.494294524933461155e-01
4.978587588052855312e-02
-1.567022951133230313e+00
-1.783083936682715032e-01
5.169408184812834817e-01
-8.263752869231857923e-02
4.704693717209406101e-01
1.452511830570804907e+00
-9.725970881531152690e-02
1.398173630268744194e+00
2.557364182909657030e-02
9.945071400218090663e-01
-6.809118478638466199e-01
9.589144228431965011e-01
-9.648635644810543699e-01
-7.505956466065489829e-01
7.394020328903445627e-01
4.069762590120140633e-01
-7.347653912693890010e-01
6.151412514633048945e-01
-6.939981655697363694e-01
-1.301185213695451592e-01
-5.363684671358677214e-01
1.046409858984613250e-01
-3.801084569446356864e-01
-8.316694237612459739e-01
-1.203386211708203035e+00
-1.358477011272519741e+00
1.029148043822275538e+00
-5.256981398912013992e-01
8.212740432834807480e-01
-6.220913022681978655e-01
1.863512947944950815e-01
